100
-15 10 -10 -15 10 -10 -5 -5 10 -5 10 5 0 10 10 10 -5 10 -10 -15 -15 0 -10 0 -15 5 5 -10 -10 10 -5 5 0 -15 5 -5 -5 -10 -15 10 6 -5 5 5 5 -10 -15 -5 5 5 -15 10 5 0 -15 5 10 0 5 0 0 5 -5 -5 -5 0 5 -10 -5 -15 -15 -15 0 -15 -10 0 -10 5 -10 10 5 -10 -10 5 -10 0 5 -5 -5 -5 10 -10 -15 5 -10 -10 -15 5 10 5
12 22 -10 12 4 -4 16 -8 10 -14 22 20 6 10 16 -2 -14 10 -10 -6 -0 -12 -4 18 -0 2 -4 -16 -16 16 -14 -4 6 -18 20 -14 16 14 -18 -8 2 4 8 -10 2 -4 6 -8 -10 -10 -6 -2 2 18 12 8 10 18 -10 18 -12 14 10 -14 -14 18 2 14 -8 6 -12 -12 6 6 -4 0 -16 2 -10 22 -10 14 -10 20 14 12 -10 -14 10 -8 10 2 -6 -10 14 14 -6 -3 -2 8
13 5 5 10 -4 6 8 -1 1 -4 2 3 2 -3 -2 -4 -3 -4 -0 5 7 -3 5 8 6 -3 -4 -1 0 -1 -4 -4 2 1 4 -3 11 12 2 -8 -2 5 -2 -3 -1 2 9 2 -8 -8 8 -4 1 8 10 3 -1 9 -7 5 -3 2 7 -2 -0 7 -2 8 2 13 2 3 2 13 5 -1 2 -3 1 3 -8 13 3 5 9 3 -5 -3 4 3 0 7 9 -7 12 9 7 -4 -3 3
1 -2 10 21 6 18 -5 -1 -2 15 6 9 -0 -14 -6 6 11 6 -2 13 9 -4 18 12 5 9 9 2 6 -2 -1 -11 8 5 -3 3 -1 2 9 -14 -3 15 1 -7 -11 2 17 15 -3 9 5 -6 -11 12 5 -3 2 -8 5 -0 8 5 3 3 11 8 -7 -2 11 1 17 1 -3 21 14 -8 6 1 6 -2 5 2 6 9 2 -0 9 -1 -1 -1 -2 2 9 -3 14 -2 5 -3 -14 5
-6 -12 0 -1 23 -1 -10 -9 -2 6 4 13 1 9 8 4 9 22 -7 6 -6 -3 -3 -6 -11 12 23 11 -8 9 14 -8 -3 -2 2 -1 -21 -4 3 6 1 9 7 6 -7 3 15 17 19 12 -6 3 1 -2 -1 -10 5 -19 15 -1 10 5 -9 9 3 1 -10 -3 -1 -13 4 -14 -4 2 2 -4 -0 -2 -3 -4 13 -14 -11 -3 -2 -4 10 8 2 -17 -4 -12 -1 9 -3 -13 -12 2 -9 -4
9 -10 0 9 3 21 -8 -2 10 -7 -1 12 -1 -1 -4 5 15 3 -2 -2 3 2 10 11 -7 10 1 10 -0 -4 -1 -6 -10 6 -4 -9 2 11 8 2 -2 10 3 -0 1 -3 17 19 2 3 3 4 -3 9 11 -13 11 -9 5 -9 5 -4 1 2 18 11 -13 2 8 -7 4 -13 -3 12 19 -2 4 -4 -11 6 6 -4 -11 12 -6 -11 8 2 -13 -10 3 -4 9 7 4 -13 10 -2 -3 9
-6 10 -13 4 -7 -3 -8 -5 8 -2 13 11 1 -8 2 4 0 -3 -10 -16 -1 -4 5 11 -3 -0 -11 -14 -2 -2 -8 0 8 -4 2 -8 3 -11 -14 -8 2 -7 1 -12 -2 -14 -14 -4 -6 9 -14 6 -9 8 -2 2 9 5 2 -3 1 6 -4 -15 4 -0 2 -2 1 -11 -6 -3 -0 -1 4 -1 -7 7 -12 6 5 -6 -4 10 -8 6 1 -9 -12 -0 3 -9 -9 -6 1 -7 -3 1 4 8
0 0 1 -9 -5 -19 -13 9 4 8 4 -15 -1 12 14 13 -5 -6 1 -7 -15 3 -16 -20 -0 3 4 1 4 5 14 5 -1 -5 -3 5 -11 -12 -10 12 2 -3 -4 1 -7 -0 -19 -5 16 -3 -2 7 14 -19 -11 -8 -3 -6 9 -3 10 -6 -3 -1 -4 -6 12 1 -4 0 9 -7 -1 -10 3 2 3 10 14 -2 1 -18 12 2 -2 11 -6 16 -4 12 -10 -8 -16 -3 -4 -13 4 4 0 -14
5 -5 10 14 9 -23 16 -13 17 -2 11 2 3 26 31 19 -21 -8 9 18 16 -13 11 -16 -6 7 7 10 -4 -2 19 13 18 5 3 6 5 4 -7 8 0 6 12 -16 9 -1 16 11 17 11 9 -3 14 11 11 -12 9 4 18 -1 -4 24 4 10 -16 -1 -8 11 -5 12 7 15 2 26 -5 -1 -7 -3 -2 2 -12 15 7 -7 9 26 -15 -7 17 -3 -1 -0 -9 -4 6 6 -6 -2 -9 10
7 -1 8 -3 -7 -2 29 -8 -2 3 2 -12 1 -12 -12 -18 -15 -3 12 8 12 -9 2 4 4 -12 -4 -1 -3 -4 1 -5 7 6 -5 9 11 3 -1 -13 -2 -7 5 -12 4 -2 16 -9 -20 3 15 -7 -2 5 10 7 -16 17 -11 7 -8 15 3 11 -12 -4 -6 10 -1 18 2 28 4 10 -13 -0 6 -3 1 -9 -9 33 5 -15 12 11 -15 -16 24 5 5 15 9 -17 -1 30 -1 -4 -6 -2
15 13 4 31 15 -6 0 17 -5 7 -17 3 3 4 18 -10 6 -5 16 23 14 1 12 0 31 3 19 13 10 16 21 -8 11 2 20 4 2 14 25 -11 -3 15 -8 22 -22 23 1 9 14 -23 5 -26 18 -0 2 17 -11 -5 -9 27 -6 0 7 -4 -4 9 13 14 -4 20 14 -12 1 24 4 -0 0 10 27 -5 4 -2 24 14 23 -9 4 10 23 2 -21 9 -2 9 12 22 1 -4 -23 -17
24 10 17 20 7 2 -2 -4 3 -7 0 5 0 2 8 8 -2 -8 -8 14 7 -2 10 1 10 -1 5 2 4 1 6 -8 9 -0 11 -8 9 23 6 -8 -3 19 -13 9 -9 5 8 16 3 -20 16 -4 16 13 8 9 4 9 -0 10 5 2 9 -2 6 9 0 5 5 28 6 -7 1 37 15 -5 9 -7 7 -1 -16 13 15 12 15 6 -2 4 2 12 -8 6 17 -5 29 5 8 -5 -8 5
-24 10 19 -3 23 8 -11 -4 -6 7 -2 13 -3 13 2 17 -1 6 -19 22 -4 8 5 -2 -10 3 24 3 -5 2 -10 8 6 -7 11 11 -1 -1 15 6 1 12 -2 26 2 13 3 20 14 5 -3 3 2 1 -21 13 5 -7 6 -10 7 -3 4 4 -2 3 -1 -22 6 2 -6 -5 -4 -4 -9 -7 -7 -9 8 6 -0 -5 -0 -9 -5 -13 23 11 -6 -3 2 0 11 11 12 -20 -9 3 19 13
2 13 -14 17 9 -11 -26 -7 -20 20 -8 -13 1 -9 9 0 18 18 -0 17 -5 -1 4 10 -1 12 17 4 7 22 24 -11 -4 -1 16 -12 -16 -1 6 -10 0 14 1 9 -25 6 5 6 15 3 -4 0 8 -16 -16 9 -9 -15 -4 7 -0 3 -18 -1 -10 -11 -5 -0 2 3 17 -28 -4 8 7 -6 14 -1 19 -22 3 -16 26 18 6 8 2 1 -2 -7 -21 -4 -4 -10 6 2 -7 1 -18 -14
2 -1 -6 -22 -7 22 -8 8 6 -12 -9 -3 -5 -23 -12 1 1 -16 4 -16 -19 6 -2 -2 3 -0 -3 -14 10 -7 -6 -0 -10 -8 -6 -9 4 10 7 6 -0 -12 -3 14 -4 -6 -21 -10 -18 -8 6 2 -2 5 -10 4 -0 3 -6 -1 -0 -24 -6 4 9 -5 12 -20 7 5 -9 -15 -1 -4 -8 1 4 -7 -12 4 -4 -1 -6 8 -11 -16 9 -3 -16 3 8 5 0 10 -7 -2 13 2 8 3
6 6 9 19 -12 5 -10 -5 3 10 12 -12 1 -5 -6 3 12 -2 -3 2 8 -4 -3 16 5 -2 -17 -4 9 -2 4 -12 7 12 -7 7 2 -5 -14 -15 -2 14 -4 -16 -5 2 11 9 3 0 11 11 -1 -12 4 -2 -7 2 0 -7 10 11 12 -9 1 7 -7 11 7 5 21 7 -1 4 27 -4 10 13 17 -7 -7 -1 19 16 5 20 -12 8 -6 21 -12 -1 10 -24 17 -4 15 -3 -1 -3
-16 -4 12 -19 14 -6 -5 -29 9 -10 -5 -24 -5 -1 -10 5 -7 -2 -4 3 -6 8 -11 -8 -21 -14 -2 -1 -6 -4 16 -1 11 12 -9 14 3 -10 -5 4 2 -6 1 10 14 -9 5 11 1 12 15 21 13 -9 -22 18 -9 8 7 -17 5 16 -7 18 -8 -17 -15 -20 4 12 -7 13 -1 3 -14 -4 11 -3 -10 -20 -10 16 10 -15 -10 6 -4 -14 8 14 6 2 11 -7 -9 2 -11 4 17 9
-15 -2 23 -1 22 23 4 10 30 -13 -7 -4 -3 11 6 20 -8 0 32 -2 -6 16 3 7 2 6 9 -2 13 -7 10 24 21 -3 -16 32 10 -3 11 22 2 4 6 12 10 11 -9 7 7 -9 5 -4 19 13 -17 6 15 -4 10 3 -7 -6 14 7 -9 15 20 -12 1 3 4 -8 -1 2 -10 2 -1 20 -2 15 6 -1 -1 4 -12 -19 -0 2 19 6 16 5 -15 22 -20 2 -0 4 9 7
-5 7 17 46 28 -1 0 -7 -4 11 -14 -2 0 -34 -41 4 34 12 21 20 44 15 26 37 33 -30 -19 -12 9 -36 14 0 43 31 -15 13 6 -30 1 -21 -3 19 -36 -1 -11 0 -6 3 5 -22 14 -15 -18 18 -16 15 -15 -3 14 4 14 23 1 -9 22 11 24 12 6 -11 9 10 -2 33 27 -3 29 10 22 -37 10 2 2 -7 3 -19 9 -4 6 32 -8 6 9 3 7 13 1 -2 -11 0
12 3 7 -3 -12 -12 5 16 -2 35 9 9 -1 -17 9 5 -1 -9 4 18 8 -19 37 -3 -4 13 26 9 10 -5 2 -4 -1 -6 1 -16 -15 -1 5 -15 -3 5 1 -11 -22 -4 -3 5 8 18 -9 -9 -0 11 9 -21 8 -6 3 3 10 5 -8 4 11 -10 7 6 9 -4 17 9 -4 27 10 -8 11 -15 11 1 5 2 13 -11 3 15 6 10 -13 -1 -12 -4 -1 -12 16 -7 6 -2 -26 -0
-8 -3 48 22 -3 10 5 -5 12 15 -3 -14 -3 27 6 16 23 6 -2 -7 -3 14 2 -7 10 7 -14 20 12 -19 2 7 -7 -3 -17 41 -13 -16 18 20 -2 21 -20 -5 3 -3 29 34 20 -1 9 3 -7 0 -8 2 7 -12 7 -26 3 1 21 -14 -1 6 -7 -7 13 -1 12 -5 -5 8 31 -5 -1 22 22 -11 9 -7 23 16 -8 -2 -0 14 3 2 21 2 7 10 -7 -16 2 -0 4 11
-10 6 25 22 19 27 -11 21 13 -19 -21 -5 -4 1 -6 15 2 -16 12 -4 18 26 12 17 24 -4 -3 -1 28 -11 -6 16 35 8 -12 30 19 12 17 4 -1 11 -19 28 5 14 -24 5 -7 -36 12 -11 19 16 -5 34 10 4 9 15 0 -15 21 -12 22 20 23 -13 5 22 7 9 -0 16 8 3 6 23 9 6 7 -2 9 7 -6 -32 9 6 11 32 2 8 6 24 2 4 0 1 16 5
3 -5 6 -5 -3 -9 22 4 4 13 -1 -17 0 12 15 -18 6 -4 0 13 8 -6 -14 -23 1 -10 -6 13 0 17 6 -26 -17 -3 1 22 5 2 2 -7 -3 0 3 1 7 13 37 -0 2 2 10 -3 -1 -13 14 12 -22 6 -12 1 -6 22 11 18 -5 -10 -16 -3 3 18 9 34 1 -3 -5 -4 -16 3 8 3 -7 24 25 -0 16 14 -5 -5 24 12 4 15 15 -5 5 22 -0 -4 -16 -6
4 -3 0 -11 13 -15 -2 -20 17 2 8 -7 -2 -10 3 20 4 13 -16 20 -4 -11 -7 0 -33 10 -1 -18 12 -20 10 -2 4 -8 -11 -26 -19 -4 -35 3 -0 8 -19 3 22 -19 23 3 30 3 14 9 11 12 8 1 16 2 11 -4 22 27 9 13 15 -6 -12 -25 6 3 0 4 -2 3 25 -7 27 -30 -6 -18 -19 12 3 -7 -4 35 -10 5 -30 10 3 -4 7 -12 -8 -7 -2 0 9 14
-2 -2 -15 6 7 -9 -19 8 3 -18 -15 -11 -1 -1 18 16 -21 -29 17 21 -22 13 1 -12 -27 1 20 17 -22 6 18 10 17 17 9 -22 -0 -3 31 11 2 -28 10 19 8 13 -33 -4 7 12 -15 10 14 -16 -28 0 21 -6 -14 -16 -15 -26 -0 5 -8 -19 13 -11 -5 4 17 -22 0 -20 -22 5 0 -4 -1 -6 -3 -10 13 2 -6 -2 -12 -8 10 -11 -20 1 -37 12 -11 2 4 4 -5 -4
23 -24 3 22 -9 -3 0 -19 -3 -17 -10 -14 2 1 -18 -10 3 18 5 -5 -7 5 -41 -12 4 -27 -25 12 -3 -21 34 -3 -4 21 -17 12 -12 -29 -1 17 -2 -1 -35 -5 18 8 26 9 10 -20 4 -9 5 -16 11 -3 -2 -5 -5 -3 7 2 8 8 6 1 -16 16 -9 11 10 3 2 -8 31 7 25 19 -5 -34 6 -3 4 -12 9 9 -30 8 20 1 -15 -4 13 -4 -22 6 4 -2 -4 -22
3 17 66 14 13 35 -9 2 27 -17 17 29 0 24 1 0 -11 -15 -13 24 -8 7 4 4 0 1 21 13 16 -9 -3 -17 38 -0 6 16 7 -0 2 -19 -2 29 17 28 14 39 17 66 30 8 11 20 32 -6 5 12 11 10 -16 5 30 20 49 -16 -23 43 8 4 6 23 9 7 0 15 25 -8 -11 5 13 20 -16 10 26 -3 12 26 4 51 13 21 -7 -2 31 -14 35 -15 21 -4 31 10
17 15 52 -40 -2 30 26 31 -4 1 9 6 -2 28 -12 -18 -15 13 36 2 -7 -23 -2 11 -18 21 40 -21 17 23 -29 22 -19 -29 -1 -10 8 13 -6 -11 1 19 14 9 8 17 -22 6 -3 -17 11 -2 32 12 -20 -4 -9 12 -31 41 -1 -31 27 13 -38 31 25 21 -3 -11 -12 -14 3 -1 -13 -0 -10 -13 -1 35 -14 13 -9 -10 9 -20 -15 25 17 10 17 8 3 -3 12 -1 6 -0 4 -4
0 -12 13 10 9 28 10 18 -10 18 0 14 1 -17 -3 4 9 11 28 22 13 -18 29 15 -3 16 30 11 9 -7 -4 -3 8 1 -10 -3 -17 3 19 -6 -3 11 10 -4 -5 23 5 -2 -2 6 -5 -18 -11 18 7 -16 18 -17 3 13 -4 -12 6 11 9 3 13 1 5 -10 28 4 -4 10 4 -4 4 -8 6 0 10 -1 -7 -8 2 -7 -0 5 13 -10 -4 4 -1 10 7 4 -0 -2 -28 -1
9 1 20 -16 13 23 -26 0 17 -41 -2 13 -3 3 -13 -9 -16 -13 -20 -24 -26 22 -1 -12 7 -18 -3 25 -42 -6 -7 -21 21 9 1 4 6 16 31 -8 2 7 -15 20 4 14 -37 9 12 -23 -22 9 27 9 -9 22 35 9 6 -4 -6 -33 12 -12 34 -1 5 -20 -1 9 -15 -12 1 23 9 0 -3 10 -9 14 3 -4 2 3 -5 -26 1 12 18 16 3 -10 29 19 18 -16 -6 2 4 7
11 9 29 23 13 -5 1 16 -5 28 5 -10 -3 -10 10 19 7 -23 6 9 16 5 40 1 14 2 41 25 -8 22 -41 -41 34 17 -1 23 3 24 3 -13 -3 1 8 -3 -8 -14 -24 2 -34 -23 52 11 7 -11 15 -7 -3 11 7 13 25 -6 15 6 24 24 30 16 9 10 18 7 0 40 11 -5 23 -12 20 -13 2 11 6 10 11 -19 16 4 14 38 7 8 -3 -4 43 4 28 -3 -12 -6
-1 18 49 24 20 24 19 6 14 -14 6 2 -1 5 -18 42 -43 6 -16 30 1 7 16 17 -4 1 30 12 -4 -12 -30 28 57 18 -8 15 19 18 18 11 0 36 -25 25 38 15 3 26 -17 -21 9 -22 36 32 4 23 47 23 -8 21 -0 15 54 4 15 38 -0 -13 2 29 6 14 4 33 14 -2 31 16 17 18 -15 31 12 -14 6 7 4 -2 26 19 4 17 22 3 6 13 -11 -2 14 21
10 3 7 20 13 22 -6 -6 29 -26 9 12 -1 -17 -13 2 -13 -8 17 16 17 13 7 33 -23 -19 -3 -19 -8 -15 -7 -3 28 17 -5 -6 47 -8 -17 -22 -1 -20 6 -4 30 -4 -4 -7 2 -8 10 7 18 27 14 3 14 15 0 -4 24 5 21 15 18 27 9 7 4 20 5 12 2 6 9 -2 17 -10 -19 5 -2 19 -13 -6 -0 -4 -20 -2 1 21 5 0 6 -13 12 -1 24 -3 19 10
-7 -11 4 10 38 -14 -25 -21 -4 -21 -24 -19 -4 11 7 24 6 15 -22 38 -2 46 -4 -1 -33 -36 12 28 -19 -7 -4 -18 45 42 -5 25 9 6 10 14 0 6 -12 39 36 -4 31 13 20 -14 32 25 33 -8 0 12 23 -0 23 -22 8 14 9 -2 20 -5 -18 -29 1 30 9 0 -1 4 2 -2 56 -29 -4 -18 -12 11 6 -18 -2 -2 23 10 -0 15 -2 5 15 11 -8 1 2 2 19 7
-12 7 33 -1 4 36 -3 2 11 -11 -14 -3 -5 17 2 3 37 29 2 19 -4 -20 12 8 6 6 63 31 23 5 -24 31 7 -11 -0 19 -10 42 13 -9 -1 53 1 32 24 32 0 47 -3 -14 38 -23 15 3 -6 9 6 2 -10 14 -2 21 35 25 -1 1 2 -4 8 14 27 4 -2 18 25 -4 19 -6 18 14 -15 6 2 -11 -3 -3 12 38 -6 15 8 8 31 5 25 -7 -1 1 24 9
5 20 6 1 26 -8 16 8 0 -7 -6 22 2 -7 8 6 -5 11 8 2 -11 -2 26 30 6 15 20 -5 -4 -3 14 28 19 -2 9 12 -10 34 31 0 1 11 -19 -7 -30 8 -13 16 -1 -43 -11 -26 25 7 -11 -4 21 7 10 12 -41 -21 -13 -35 3 10 20 -11 -5 3 -21 -21 3 10 -10 3 10 15 -10 38 -2 2 -8 3 2 -28 20 -9 1 -11 -14 2 -20 9 -5 8 -9 -1 -2 10
4 11 18 32 56 -22 -17 -9 15 -14 -14 -3 0 6 59 39 20 -11 8 36 8 4 35 20 -34 -1 44 34 -14 20 -23 -11 18 37 19 5 16 39 14 12 -0 -1 -7 29 25 -1 9 6 12 -30 26 17 38 6 35 14 46 8 -0 14 -14 6 16 6 13 -11 -1 -27 -1 39 4 -7 2 11 -3 -2 40 -1 7 -14 -7 13 2 11 7 -13 10 -8 10 9 -14 4 -1 8 21 9 -1 -2 -7 11
-9 27 20 39 59 -30 -23 -3 42 11 6 35 2 19 25 32 -14 4 -12 42 13 -14 27 7 -13 21 56 16 -2 1 5 55 34 0 27 -17 -2 -5 21 -9 2 31 -39 37 10 -17 -5 44 53 13 -15 -26 24 51 -6 37 28 -5 -18 40 2 35 16 22 -5 2 -15 -18 -2 1 -9 -18 -2 42 8 -8 13 15 31 -4 23 -3 9 -4 4 -13 14 12 5 -20 -23 -10 -5 10 -13 -5 -30 1 -8 9
29 18 12 18 2 -18 16 -7 22 -26 5 5 1 34 19 29 0 27 7 -12 10 8 -6 15 16 18 11 3 26 16 9 27 26 -20 6 6 3 26 -22 29 2 39 -16 25 7 13 -8 35 16 -35 30 15 54 25 16 -8 44 18 1 26 7 48 8 -11 7 24 7 25 -7 28 14 -17 5 35 29 3 8 13 -4 21 -19 5 8 11 4 23 -16 4 -5 14 -4 -9 -9 -8 13 -3 -4 -1 15 10
9 9 18 1 22 9 7 22 48 -11 -7 6 -1 4 14 21 4 -17 -8 14 -2 4 4 -3 3 12 5 5 20 -16 42 23 -7 -3 -0 -7 0 21 2 39 -0 11 -12 29 11 21 19 17 43 -45 -26 -37 46 16 21 -9 24 -4 13 -10 21 16 31 6 26 32 13 -9 -1 14 -10 -9 0 23 31 1 2 18 11 27 -3 -3 10 9 1 12 -1 22 -11 8 -12 -1 16 17 -15 -6 9 0 1 5
31 14 43 25 -20 4 13 21 -1 33 3 -11 3 19 8 2 30 47 32 24 -5 3 12 41 22 13 25 3 6 5 -4 34 12 10 -1 35 28 11 13 -29 -3 20 -16 -8 -25 23 11 16 11 -7 32 -5 9 26 34 -16 19 4 -21 3 -8 6 35 -8 -18 18 28 40 1 27 40 -21 2 27 41 2 28 7 55 11 1 -0 13 13 13 4 -23 34 -0 3 2 6 -13 -25 5 10 30 -5 -14 -14
-18 -17 64 -15 29 43 16 0 14 -27 -6 17 -4 48 14 36 48 47 -28 4 -19 -3 -10 -14 -5 6 21 25 -10 -1 -13 -9 20 -4 -12 72 -2 33 34 35 -0 38 6 53 26 51 48 57 9 -26 19 11 21 26 22 -14 53 -6 36 -34 -3 28 44 -0 18 12 -3 -43 8 31 8 5 -3 14 12 -5 -20 8 -15 65 -16 8 -8 1 -10 -2 33 15 7 4 21 6 33 39 11 -17 -5 1 10 32
-5 18 24 30 -8 -6 30 -25 15 20 -10 13 -3 11 9 18 17 -8 -4 15 39 -3 13 -5 28 -36 16 19 -5 -14 -13 23 32 44 12 43 31 -13 31 -18 -3 20 -47 52 8 14 -3 44 -0 -11 43 -6 17 25 8 20 16 13 -12 -11 5 32 32 25 36 4 -17 -7 8 52 14 18 0 48 24 -6 4 -3 44 -9 5 16 10 -14 8 -19 19 5 3 16 -5 6 42 1 21 1 -4 -3 17 9
8 2 44 17 -9 8 -1 2 19 2 -2 0 1 29 24 -17 48 28 36 -23 -31 9 -14 13 -5 -29 -2 18 12 23 3 -2 24 37 -16 61 -6 9 -39 -29 1 -5 -16 5 19 14 -10 25 6 -10 22 17 47 -29 12 17 30 12 -18 2 12 -3 41 5 5 61 19 10 -5 4 -5 -5 4 3 17 5 40 30 4 -4 3 4 7 15 1 -14 -16 10 19 22 16 -1 -9 2 -12 18 9 -1 4 -9
20 8 22 18 -22 -18 4 1 -17 11 -4 -10 4 7 26 -38 28 -6 30 -18 6 -8 19 -10 37 13 -11 28 34 1 -1 23 0 -11 10 28 -16 46 -19 -11 -1 6 7 -27 -28 -12 -18 -4 35 -29 1 -16 32 17 19 14 9 8 -15 29 2 -4 8 -11 -6 -2 13 -1 -8 28 10 -2 4 17 -7 5 24 1 27 -27 -8 -3 27 8 14 19 -30 18 8 -3 -2 -2 16 -17 8 15 -1 -3 -8 -15
-9 21 15 -13 27 8 26 13 28 -20 -5 -3 -2 6 15 -16 -15 -9 5 6 16 38 22 37 -22 -7 15 21 9 11 -33 16 37 -10 4 23 19 28 30 -15 0 8 8 24 14 -37 -12 -7 2 -5 1 11 17 4 -14 16 26 16 -26 2 -24 15 46 -45 -5 -14 6 -2 5 42 27 5 2 -2 -16 -1 3 -9 -1 49 -6 15 6 3 -2 -15 5 12 -8 10 7 9 8 -10 6 10 2 -1 27 10
-12 26 -34 26 64 -30 -13 -1 26 33 9 29 4 9 32 32 1 30 17 49 -8 1 29 30 -18 23 38 -2 7 27 4 17 15 -6 33 3 24 32 -21 -3 2 14 13 -10 -2 3 22 3 13 -2 6 -7 15 29 9 30 26 0 -10 35 -15 39 -26 34 -6 1 1 -14 -1 1 -5 -14 0 11 -23 -7 2 6 -9 30 8 10 -5 11 6 -12 33 -22 4 -25 -6 5 -22 3 -3 13 -4 -1 -12 14
-6 20 16 3 29 -11 5 -4 5 -8 7 29 4 -3 42 13 8 -16 6 20 10 -3 32 7 -6 9 41 -15 9 -7 -39 21 -3 8 24 -19 4 14 -9 8 2 3 -3 8 -5 24 0 -12 17 -23 -1 -42 19 41 28 5 34 7 -7 15 -18 24 -17 -3 -12 -16 26 -25 -7 13 -8 -10 3 -8 -6 -0 10 11 28 -6 -3 5 -14 -1 6 6 9 -2 7 -17 1 1 -15 9 12 5 -7 -1 -8 14
1 16 16 10 14 -18 35 -3 35 21 24 18 2 33 18 15 -7 17 -18 -2 -24 -17 16 0 27 19 57 34 -4 5 24 17 11 -11 8 34 8 -7 9 7 1 17 7 -6 -51 -13 31 45 9 40 10 -5 18 14 13 18 8 -6 23 10 36 35 21 -12 20 18 14 20 -1 -6 24 -20 -2 34 27 -7 14 43 9 24 33 -5 -5 3 7 9 33 27 9 -15 13 -12 2 -5 0 -6 -13 -0 -5 -8
0 8 47 51 -21 44 -33 3 20 -1 3 11 -3 24 6 35 16 -28 6 19 21 2 30 22 17 16 14 31 21 -32 -16 46 17 3 -2 20 22 2 21 10 -3 45 13 7 -10 38 25 58 22 -10 19 -7 11 24 -1 8 15 -3 4 -9 -3 -11 12 -10 -13 20 -5 -0 15 11 23 7 -4 40 46 -6 1 4 23 -1 5 -4 18 4 -7 2 -5 39 6 9 0 -3 20 -2 29 -31 17 -2 19 22
28 5 -16 4 22 -25 6 2 14 28 26 4 1 -3 17 33 4 1 13 -16 -5 17 5 9 39 11 7 0 11 1 1 5 12 4 3 20 51 60 -28 -22 -1 -5 -11 -20 -54 -4 3 0 -11 -27 31 5 19 33 39 -10 6 18 -5 16 20 -4 -22 3 55 6 17 -14 3 40 32 -5 3 50 1 -2 30 17 8 11 1 11 -14 21 9 3 7 -15 -10 13 -1 -1 9 -19 20 5 19 -4 -14 -3
-7 8 37 -19 -1 2 34 24 17 30 -7 -5 0 21 4 14 35 34 55 25 24 5 14 7 18 41 14 -4 55 -3 12 39 -19 31 1 2 33 -26 -9 12 0 30 14 46 3 24 33 1 58 14 10 11 33 55 8 -5 32 -12 11 23 2 40 -9 -4 14 20 -6 -17 3 6 4 -1 -3 22 6 -4 -13 6 52 26 9 3 21 1 -2 19 21 -1 4 -14 4 6 9 10 -28 10 -12 1 -15 5
-5 1 54 7 57 20 -8 -9 15 -12 -8 -2 -2 29 18 -7 19 -9 14 -2 -20 49 19 3 20 1 12 45 14 15 -13 -6 2 12 5 16 -7 39 28 14 0 0 7 13 27 12 17 10 2 38 18 49 14 -10 4 41 39 1 -33 5 16 11 -2 19 -3 6 2 4 5 24 12 -11 -1 13 -3 -3 3 44 11 -3 11 6 10 8 -4 -15 -9 4 25 -14 22 3 61 10 7 0 -8 0 7 9
-7 -13 24 22 35 -12 31 24 -23 15 -6 -3 2 -8 4 3 10 24 41 25 19 7 28 -15 17 26 -2 32 -19 15 -17 -5 9 9 -7 24 1 14 24 15 -2 28 2 -13 8 -6 -4 -2 32 -15 -19 -23 -16 -12 20 -4 2 -6 9 18 -20 -31 42 -14 38 25 -4 -33 -1 -26 -3 28 0 -0 -10 1 -2 -22 -9 10 -9 6 3 -7 6 -11 14 -17 7 10 4 11 -14 21 12 10 -9 -2 -26 7
-1 29 17 2 11 -24 18 -21 44 22 24 2 1 -14 13 -1 -11 -18 5 4 -8 3 23 18 -23 -25 -18 1 -23 -5 8 0 3 -18 8 -3 -5 16 -30 8 2 4 11 -15 4 -24 -7 7 19 -24 -36 -5 28 -21 16 -6 26 18 -21 -39 2 29 43 9 -15 -4 6 2 2 -2 2 8 2 18 2 -6 5 -12 -0 21 -20 15 6 -1 2 26 -29 4 -15 16 -6 -4 2 -33 27 -6 2 -1 6 15
8 12 3 19 -12 -11 40 -14 16 1 12 -6 3 -13 -1 14 0 -25 -11 -6 2 -41 10 21 -23 23 2 48 -11 1 25 1 28 50 -2 -4 -4 -3 -21 26 0 13 16 -15 -25 -32 5 36 -22 28 13 32 9 -37 -9 -10 4 11 -9 -17 -0 22 10 -34 15 16 -27 21 -1 14 -8 -7 3 2 15 1 14 24 6 -17 -12 10 2 12 3 31 16 -17 -10 -2 -14 -0 -30 -26 -2 12 9 -3 5 3
-17 16 4 10 47 -7 -25 -10 -13 36 11 7 2 5 -12 8 20 30 5 23 13 -12 11 31 3 9 27 -23 37 7 21 10 7 4 8 0 -23 37 -10 -24 1 35 -10 -6 3 20 -1 -12 28 -7 33 -13 6 31 -6 24 22 -8 14 38 23 21 -10 7 25 -5 13 9 1 11 31 -2 -3 26 8 -7 12 9 18 -15 3 -11 -6 -1 4 -4 -6 12 -11 8 -22 -7 35 -17 13 -8 -7 1 -3 -4
-36 9 20 -2 -15 8 54 -4 25 -8 -2 -10 -4 18 8 10 36 -33 26 -24 26 -4 -10 -14 -9 5 6 -8 22 -14 -16 1 -2 -12 -11 16 -9 -48 20 11 2 -15 15 19 63 -16 -13 51 -11 9 58 44 6 23 -50 40 6 1 26 25 7 54 31 20 6 -0 13 -26 6 15 35 14 -2 -66 -16 -3 -40 15 14 -8 13 5 15 5 -12 10 34 1 15 8 25 5 14 13 -25 6 -18 4 31 7
-10 12 -3 1 14 -18 -16 -13 35 -2 0 13 0 3 24 37 6 -18 -15 32 -10 -19 30 7 -15 15 17 33 0 -15 4 23 42 31 16 -20 10 -7 16 6 2 5 16 24 0 10 -3 34 26 55 10 72 -16 35 -5 28 32 3 -5 3 -8 28 -10 8 -0 -31 -5 -20 2 0 -7 -10 -1 19 11 -3 -14 -7 12 -4 0 1 10 -1 -11 18 22 11 -10 -14 -7 -7 10 0 -4 -2 -4 2 6 20
-4 6 37 3 26 7 -5 -4 -11 -4 5 27 5 28 -1 9 25 56 -5 10 -14 -9 1 16 6 -8 0 -9 0 -4 6 -27 -18 48 8 2 20 -1 0 -16 0 34 -5 11 30 66 36 44 32 6 1 33 10 17 82 -10 33 -5 14 -8 -5 15 32 -19 -10 2 5 -26 -3 -17 6 -7 0 -8 16 -3 -7 5 16 19 -14 -6 0 6 7 22 29 28 -7 -4 -9 -6 24 2 16 -8 -4 -3 -3 11
-7 -3 7 10 12 10 24 9 -3 8 9 -14 0 43 -10 19 17 24 21 7 20 17 -20 3 -2 -25 6 10 -1 8 -16 12 -11 24 -10 18 -1 -4 23 2 0 34 -3 12 43 52 22 -1 -19 8 49 9 -19 12 -3 5 5 -1 -10 8 12 22 6 29 -9 29 18 22 1 -2 36 9 0 -15 9 -1 -20 -4 41 -8 4 5 -4 4 5 -8 -6 15 24 12 12 10 17 1 -2 4 9 0 -11 -6
-20 2 15 13 -4 29 31 -26 31 -6 -2 -6 1 -2 -8 16 23 -22 -14 4 20 -20 11 12 17 17 -27 51 -48 1 -38 -36 16 -17 -2 33 -11 17 25 24 -2 54 32 31 30 -7 48 46 1 23 18 17 -26 -20 1 4 -13 9 -23 -13 -27 49 71 -2 -15 17 -21 -16 9 1 -3 18 1 9 8 -5 -28 -4 8 -11 -18 28 7 19 3 7 11 -9 19 1 23 19 30 3 17 18 -8 -5 16 27
6 12 47 40 31 -36 -7 3 -5 21 -16 -33 -4 31 9 57 60 -3 22 31 38 41 18 1 18 -12 5 32 64 -24 -24 56 31 7 -6 24 -14 26 -4 4 -2 21 -58 54 30 8 -1 0 42 -7 53 40 21 39 19 18 28 6 -10 33 21 31 41 9 47 4 26 -20 8 49 56 1 -1 50 26 -3 56 -12 66 -27 -10 7 29 -4 3 1 -13 14 -5 28 -0 11 60 1 3 -0 -3 -0 -1 7
23 9 -5 58 43 -3 -27 -13 21 -33 2 3 -1 21 16 32 43 -23 16 4 0 32 -1 8 17 -36 -14 38 43 -23 80 26 24 19 6 5 19 54 10 4 -2 26 -22 5 15 54 -6 24 11 3 42 73 19 -12 5 47 29 12 1 33 29 27 -37 52 29 6 8 6 5 71 54 -2 1 44 15 -3 19 9 13 -19 -29 4 19 11 8 28 -7 16 -7 29 -28 -1 45 -15 41 -7 20 -3 4 7
-3 33 72 25 28 23 5 -31 26 -8 0 20 -1 13 0 10 -37 -18 -10 -7 16 8 34 25 -12 -19 18 13 7 -13 16 -13 27 20 21 -16 24 7 20 13 0 34 14 53 45 -22 8 34 -11 13 3 2 44 34 5 59 65 13 3 10 11 40 0 -24 -14 22 -7 36 6 55 2 -7 0 85 6 -9 -5 13 11 -19 5 17 13 -1 3 17 1 4 18 -8 1 -2 35 -10 24 2 -21 -2 20 19
27 24 38 35 29 -19 13 10 17 21 13 22 3 -2 15 27 41 29 54 -2 8 32 46 13 74 3 9 14 -3 8 21 7 19 15 15 12 24 21 -23 -5 -1 0 6 17 9 24 -16 24 -12 11 -6 63 17 3 60 -11 29 10 33 45 21 36 -14 25 10 73 25 40 0 -7 -12 -13 2 83 3 -3 9 17 27 10 -1 7 13 11 11 18 11 -8 7 1 -1 -3 11 -13 25 9 19 -4 -24 2
2 9 44 14 -5 -1 9 11 -16 16 -11 -4 -4 -14 -3 -1 53 -16 14 4 12 81 9 -10 38 4 -13 -44 38 3 -43 21 -1 -3 1 8 22 18 24 21 -1 27 -13 16 27 7 -13 3 38 -15 33 47 -1 21 31 -12 -4 11 20 -3 -2 31 57 -2 32 8 -2 -14 6 46 24 3 1 13 9 2 -1 -6 11 25 -13 1 8 -1 -4 -15 18 4 -26 18 26 7 15 8 11 -12 15 -0 29 11
16 12 -11 19 37 -4 -7 -3 32 9 15 -7 4 41 21 52 -1 66 8 18 7 -15 6 26 11 20 29 39 -27 16 -23 23 41 20 1 8 8 56 -21 -6 1 82 -30 28 37 -3 2 25 39 -41 1 2 40 33 -9 -8 36 -1 -21 20 -22 26 43 31 33 -8 -18 25 -2 -3 58 -28 1 46 34 -2 48 30 36 6 -6 -2 7 25 8 6 -17 3 10 -0 -13 -0 28 -7 10 -2 -4 -2 -18 4
-11 18 29 15 77 -12 31 1 9 1 -8 -11 -2 0 -18 11 39 13 15 16 -5 64 7 -1 31 -1 38 -4 24 -1 18 1 1 37 5 4 -13 30 36 5 0 16 -18 58 45 26 10 20 17 -23 47 18 39 -10 -1 17 12 6 16 34 16 31 11 32 63 24 21 -30 1 20 27 -8 1 7 3 -2 20 33 50 21 4 10 4 1 9 -17 33 1 11 10 -8 13 42 6 -8 10 2 0 12 -6
6 4 -31 31 5 -6 -8 26 23 20 -6 8 0 50 34 37 -18 32 34 68 -12 -1 23 14 -22 0 51 46 33 7 64 17 9 -5 4 57 -1 52 7 0 -2 28 -5 11 -1 48 27 26 59 30 37 -15 62 34 13 21 56 -14 13 40 10 20 23 63 25 20 19 12 2 -1 60 -9 -3 32 -3 -5 49 -8 15 10 2 4 19 -11 9 2 -0 44 11 -7 -19 7 -2 7 -8 1 16 -1 -15 -1
-7 -13 -1 6 43 4 -3 20 17 -1 -26 6 1 36 -7 -16 20 26 50 31 -21 42 -5 8 26 3 19 29 33 -19 95 7 -5 38 2 47 46 55 19 0 -1 18 25 18 12 71 31 14 51 2 48 30 34 23 43 20 4 -11 31 25 -2 18 -32 34 12 27 12 13 -8 2 31 -5 1 33 -18 7 -7 1 26 22 5 -1 -7 -12 4 -14 26 38 17 -13 -1 9 -11 22 -29 13 24 0 14 -8
9 22 15 -9 -7 49 -13 19 27 -11 2 -9 -1 22 -8 12 -20 18 5 1 -28 49 2 27 24 21 -8 -19 19 2 -24 4 -1 5 -4 31 39 47 20 9 0 58 -16 -30 10 41 9 -32 28 -8 -3 -12 39 39 9 15 35 12 10 37 -24 16 40 -5 19 9 12 -6 6 44 9 -13 2 12 31 -1 4 64 23 40 -15 6 21 29 3 -3 -3 18 9 22 19 12 20 5 17 -3 7 -2 12 15
-7 22 6 46 12 17 16 7 44 -18 11 17 3 -18 17 28 20 86 10 -2 -8 24 28 40 42 10 30 1 -42 13 33 22 8 -6 13 11 21 26 20 -9 2 6 0 -1 5 7 -11 -3 21 51 -14 7 -6 32 46 16 30 5 58 35 -9 71 36 21 18 59 25 30 1 18 -5 -15 1 17 -4 -3 15 55 40 12 21 7 -8 23 -2 -6 25 -24 12 -15 25 3 -24 4 1 17 -10 -1 -3 10
-5 25 39 21 26 -3 -7 29 42 -4 14 2 0 8 -11 13 42 -18 69 -17 57 23 17 25 75 14 -11 -30 40 -14 -3 29 36 34 -9 8 61 -19 -21 -25 2 61 -1 3 16 25 -21 9 58 2 26 31 44 42 30 25 16 10 30 56 15 81 -15 23 4 82 38 11 1 -29 -2 14 1 47 12 -2 5 37 51 32 11 1 12 13 -2 6 17 3 11 42 5 -5 13 -2 1 2 2 1 -1 4
-8 19 43 -17 17 15 -13 16 60 -14 6 20 -3 52 33 14 13 -9 29 -3 -6 26 8 18 -0 -26 0 -2 -2 -14 48 25 33 19 -1 39 34 4 14 -8 2 27 -9 13 4 62 -13 31 68 25 -2 26 62 -3 6 45 76 -1 47 11 19 9 34 -10 28 65 27 29 2 34 41 0 -2 16 23 -3 2 29 15 44 8 -15 2 -3 -8 -9 13 49 -10 32 -6 -17 42 7 22 -35 2 3 28 10
12 -2 -5 2 13 8 0 11 -22 11 -20 -18 0 43 -22 23 22 26 51 33 20 -23 -18 -2 9 -1 18 40 9 1 15 40 -28 58 7 16 40 6 46 1 -2 68 -25 45 51 80 20 -20 48 -9 67 -4 28 6 9 26 17 -7 23 66 -25 16 -33 49 36 18 18 -10 -3 6 31 -1 0 28 25 1 11 -52 57 -15 -13 -0 10 -9 14 5 8 22 6 4 -13 12 52 6 3 6 2 -1 -9 -11
-23 -2 43 5 21 -25 46 -13 2 -12 6 18 2 -8 1 24 31 -28 -6 -5 38 -28 5 -6 -2 -8 0 -6 14 -10 -4 12 67 9 -5 42 -62 0 13 16 1 -10 -18 8 25 19 -31 15 46 17 48 34 -2 31 -23 -19 66 9 40 -10 1 57 14 -2 35 -1 15 15 -6 25 1 31 3 -1 -23 4 -18 31 16 7 -3 7 -17 -18 -2 -8 1 -20 6 8 -17 -1 8 4 -3 4 -6 0 8 10
-14 -4 32 0 45 19 20 -4 17 -25 -11 30 0 -3 -7 3 14 -3 -8 12 18 -20 20 -8 52 24 28 -10 9 10 67 23 -1 51 7 4 -1 -2 46 8 -1 -5 -10 48 -19 17 -7 21 42 56 17 24 5 24 -15 10 -5 -14 25 14 16 28 -17 34 14 12 1 10 2 -33 -3 -17 -3 44 -9 -2 -24 71 23 30 9 -8 -6 4 -2 -31 39 -6 5 -18 -23 -1 32 26 -1 -2 -10 -0 -6 6
10 6 47 16 4 32 31 0 7 -2 15 -8 -3 6 -5 15 -8 16 29 -12 1 -4 11 -7 19 -8 25 0 25 7 6 52 51 33 -13 76 84 6 50 -9 -1 50 -7 20 -4 25 -21 47 -15 -2 26 -8 37 28 48 9 39 16 7 31 -9 -4 56 28 38 56 0 -26 7 65 52 6 1 71 2 -4 16 8 32 37 -9 15 17 4 6 -8 -4 2 26 27 14 9 14 -10 27 5 5 -1 -3 -1
22 27 25 27 -47 8 13 2 14 25 16 -11 -2 9 31 7 4 9 -1 -4 -10 12 16 22 30 -16 17 49 -8 -1 -19 4 10 -24 11 27 0 59 37 -14 -3 4 5 32 -68 2 14 43 -10 34 6 15 31 1 46 33 73 13 -20 9 3 7 62 -3 -3 11 9 -11 13 43 42 -7 -1 11 15 -9 39 -17 44 2 4 10 28 11 10 31 -19 38 -6 1 -12 2 40 -42 31 -1 8 -4 -2 -8
22 -13 32 31 31 18 10 -1 12 -15 -2 -5 -1 42 19 39 28 -18 17 -3 37 57 -7 -15 20 10 9 39 57 -9 20 39 22 2 -10 37 21 23 4 20 -2 45 -37 17 37 7 14 48 34 -8 36 10 11 39 65 29 37 3 -13 23 20 42 46 3 53 30 27 -5 1 80 63 -3 1 56 52 3 15 -20 38 -31 1 -2 7 7 2 8 -13 25 4 9 15 -3 55 7 1 -8 14 -2 8 0
-9 6 -22 27 38 -50 44 -8 -9 28 19 5 5 37 24 18 20 10 13 33 43 8 28 20 -27 -1 17 31 -11 27 -16 16 30 16 7 17 -33 18 27 -1 2 30 0 -11 -4 6 20 -22 35 86 19 75 -11 10 -2 -1 52 1 -19 54 -8 68 14 25 10 -13 14 13 -6 -11 21 9 1 6 -19 -5 -3 -22 11 14 1 14 -14 -12 7 -1 5 -12 10 -12 2 -1 15 -8 6 8 -28 -1 -26 11
2 8 33 11 -4 37 -15 20 23 -8 -3 3 -5 -21 -23 -14 16 -55 19 16 -1 42 27 13 19 -4 39 18 37 -11 15 -35 26 25 -14 17 10 25 55 -11 -3 33 5 7 -7 44 2 81 17 18 29 -4 21 13 -15 19 26 3 31 0 14 30 48 -24 51 45 -32 -13 13 21 64 5 -3 15 23 -6 32 32 10 -31 13 8 28 -2 -2 6 32 22 17 24 -17 3 11 -3 3 2 26 -1 3 -3
18 -2 -27 14 -8 -53 -6 -12 14 13 -9 -6 -2 -12 -13 11 11 36 -16 -6 -36 18 -23 -34 63 -14 23 4 10 17 53 24 6 7 3 27 -11 -13 -9 26 1 -19 -51 -1 -37 -9 -9 5 43 0 14 -24 36 13 28 -40 -8 -1 10 -16 51 32 -15 40 39 -37 -6 10 -6 5 42 -13 -0 39 18 2 45 48 4 1 10 -10 12 -9 2 2 10 -4 -11 4 -19 -11 -20 2 -16 -1 -4 3 -12 -20
15 -20 11 8 -21 -1 -17 -23 -5 -3 -8 -37 -2 -13 -17 25 18 15 4 20 -1 9 -4 -1 -8 -29 -14 8 29 -48 55 31 22 70 -30 25 16 -4 -33 3 -3 -18 -24 -21 0 42 27 12 21 -46 22 45 1 5 55 -28 10 2 13 -39 40 -16 22 23 19 32 5 -36 3 33 49 7 0 31 31 3 66 -26 32 -78 -17 7 18 -14 0 33 -27 8 2 21 -18 4 22 -22 -13 5 28 -1 2 -8
8 14 25 28 -14 5 8 10 -13 7 26 14 4 15 54 29 -20 56 -43 -13 -17 37 2 1 -7 -19 11 -3 -23 25 -55 -8 33 22 16 29 12 3 3 5 0 19 17 -14 17 28 17 11 -47 2 -38 60 -25 -14 60 -36 4 7 17 -16 -17 8 11 -32 -38 52 -3 69 -1 35 3 2 2 17 -1 -1 -21 10 13 47 2 -4 12 18 10 24 20 9 9 -8 13 -3 -14 -18 27 -6 15 -3 2 -3
1 14 38 -35 0 42 36 9 -2 7 14 18 1 11 -4 -27 11 0 27 -4 -5 -11 -33 10 15 -7 -2 -24 35 11 33 -22 -32 1 5 3 49 34 -2 -13 -1 29 3 9 6 99 27 70 -4 29 9 24 2 8 61 30 -9 16 -20 30 -18 21 5 4 -17 9 3 24 2 15 -13 18 3 -9 -8 -4 -51 12 4 27 -17 23 5 3 14 19 -0 5 20 8 0 14 40 -10 16 17 1 -4 1 2
-11 -7 24 -43 8 7 15 10 -3 26 9 -29 -1 56 -19 1 68 65 20 -2 13 6 -20 0 23 29 20 35 6 36 20 47 -38 9 -16 33 -33 22 -23 17 2 70 -1 4 22 63 27 24 77 45 37 63 -6 2 16 12 28 -15 30 60 -1 33 50 21 38 13 11 12 1 -52 30 3 -4 10 27 -4 -5 -6 39 -17 -5 -13 6 4 -4 11 6 35 -6 10 11 -5 64 -8 -2 -12 -16 4 -12 -9
-3 6 15 27 3 -18 2 -15 -6 -3 14 -17 0 11 -8 49 -2 45 13 14 19 32 1 14 -5 14 25 -14 -2 5 -34 11 54 -33 -11 10 -35 -12 -31 9 2 42 7 -5 36 7 1 51 24 -13 30 -1 25 30 -1 -31 32 1 50 39 17 23 58 -8 12 4 14 -12 0 -2 52 -5 -1 0 17 -5 45 -29 10 -17 -12 1 5 -2 1 26 -10 12 -0 24 11 -4 -17 -12 15 -8 -13 2 14 5
18 -13 63 5 16 17 -17 18 8 48 17 -5 -1 -4 -1 20 37 13 33 1 -12 17 -8 3 59 24 8 19 30 -4 -11 -3 70 1 -22 52 4 30 -18 2 -3 40 6 19 -10 29 4 22 55 -2 35 71 17 14 33 6 16 -4 21 33 30 -28 16 1 34 78 -11 19 5 33 53 2 -2 74 20 -3 40 -38 39 5 -1 -5 2 1 9 5 -4 45 -1 24 -5 -2 30 -16 13 -7 27 -2 -3 -20
15 -6 13 9 -27 -5 16 16 -2 2 -8 -23 -1 19 4 31 -14 19 18 -10 11 31 -31 -2 -4 -1 -1 43 21 -1 36 -19 -11 24 -13 24 -1 -5 -4 14 -3 -19 -38 67 -3 22 21 7 19 40 23 -27 37 -32 24 2 35 -2 12 7 23 2 -11 -15 32 46 -8 33 1 51 5 23 0 -16 38 3 32 30 45 -52 12 -3 22 -4 5 26 -2 8 1 16 -21 -2 -13 -12 -14 -0 12 -2 1 -19
-13 -10 5 15 27 16 4 13 8 -14 -6 2 -1 29 -23 28 14 36 -1 23 0 29 0 -4 -18 -4 29 33 -18 14 33 11 5 18 -3 -9 -2 -20 49 32 2 30 23 31 41 7 8 26 -28 72 -7 0 -4 -7 6 16 36 -17 49 36 13 44 43 10 13 86 6 52 -2 -5 29 -14 -3 -1 16 0 -13 10 1 19 12 -12 -9 -4 -8 -16 38 14 16 -2 16 -2 -2 30 -1 -15 -5 4 3 5
-6 3 18 27 -11 15 -15 -28 28 -2 2 2 0 9 -23 14 -18 -1 11 29 9 0 -16 20 26 -25 -16 2 11 -28 39 25 31 29 -8 1 -23 7 22 -16 -2 55 -31 4 12 32 40 33 41 61 32 30 24 9 -6 44 25 9 4 21 1 44 16 32 -32 -33 -15 9 5 13 -4 32 0 9 23 -6 17 15 19 -18 -3 22 20 -19 5 16 -29 18 18 12 -24 4 52 -18 -4 8 -17 -3 12 9
21 9 41 5 21 17 -3 24 1 41 -12 -26 -1 28 -4 -7 42 40 26 27 6 61 17 36 46 16 26 48 -9 44 9 12 45 -9 -1 34 27 83 26 10 -2 57 14 58 -4 69 38 23 32 19 26 28 41 3 73 9 5 5 -7 -6 4 -8 63 36 0 42 -40 25 3 26 70 -9 1 87 25 -3 32 -27 33 26 -7 17 14 10 13 -13 -11 21 15 13 5 15 32 -5 13 21 -1 -3 -22 -6
-11 4 22 31 8 38 -3 13 -15 10 -1 15 -2 -1 -18 18 -21 -37 18 50 27 -8 38 17 -2 31 39 18 1 -7 -23 16 35 24 5 3 29 -12 0 -25 -3 -5 8 15 -6 39 -14 14 13 26 7 17 24 44 53 27 13 -5 -6 3 31 -20 41 29 25 38 52 -1 12 -23 37 3 -4 -8 -9 -9 14 -34 41 -22 4 10 6 -12 2 -14 0 6 12 -3 3 10 21 8 23 -6 0 -2 8 15
8 34 30 1 19 5 6 33 0 15 0 7 1 17 -15 -28 -25 -4 42 -12 9 22 25 16 34 -26 -22 -7 45 4 8 -7 49 -32 5 0 7 49 -38 -42 0 28 5 -29 24 19 -37 -13 28 9 -26 15 35 17 -1 53 34 19 -21 47 14 -6 31 -27 -7 56 80 12 -2 -39 -5 10 4 52 -7 0 -9 22 -12 30 1 10 30 4 12 -7 -15 17 26 30 12 7 45 -1 16 20 -8 -2 -2 -3
10 10 9 24 -20 10 21 -11 -3 16 -5 17 -2 -13 -25 15 23 -5 23 28 7 0 -1 -9 35 4 38 1 26 -25 -5 13 50 1 9 34 16 9 8 -12 -3 27 -26 22 1 60 -5 73 21 25 39 -38 8 45 14 -41 10 8 -28 18 19 5 70 19 41 27 14 18 4 20 42 -14 1 48 18 -1 10 2 11 7 -10 9 -2 -11 10 -2 4 12 -4 -0 -18 9 21 -2 7 -3 29 -3 17 0
-1 14 9 27 29 -25 -22 3 23 6 2 7 0 8 36 41 -4 -40 11 21 16 8 20 13 -36 -1 14 36 51 11 13 20 28 13 8 0 -25 49 -36 -7 0 -5 -24 34 -26 -3 -38 17 43 51 21 39 36 -7 34 40 47 2 11 30 27 36 -1 18 21 -1 38 10 4 17 -14 -9 -1 11 6 -2 35 20 29 -30 -4 -9 16 14 -3 4 -4 10 -22 14 -29 -7 -0 -8 10 -6 11 0 6 4
-5 6 0 19 -10 39 8 -2 44 23 7 29 0 29 14 46 0 -50 37 20 21 -41 34 8 22 13 21 73 21 -39 -5 38 15 23 -3 36 -4 29 9 26 -3 51 -2 -7 -5 93 22 36 56 35 17 -18 22 19 35 7 32 -8 -3 -4 26 10 34 27 25 23 4 1 8 33 33 6 -3 27 38 -5 12 -11 27 -41 0 0 -1 -6 1 11 7 37 3 -4 -6 -0 45 6 18 -17 17 -3 7 17
-3 25 56 55 56 28 19 23 25 -6 20 17 3 21 3 51 -1 1 28 8 17 -12 5 12 17 22 48 39 3 13 45 36 85 20 3 31 10 16 39 -2 1 107 -15 43 17 19 -16 57 32 5 1 -28 37 28 -21 27 17 -2 28 63 -18 6 63 -15 11 79 29 -8 2 27 87 -18 -1 84 11 -8 -2 46 30 47 -2 -1 24 33 13 6 31 7 34 17 -23 6 4 10 13 12 -14 -1 -33 1
2
4
-7
7
-20
11
4
-7
26
18
-24
5
-20
-31
5
-26
-22
26
-26
11
-17
-9
7
2
4
-23
0
-29
24
5
29
-11
-12
14
-1
-22
-11
2
8
3
-5
-13
5
19
4
10
-21
-20
-26
27
25
-3
5
-20
7
23
-15
4
-11
3
-19
-28
30
30
7
10
29
-24
16
-20
-10
22
-10
-17
-20
-30
-19
11
-8
-26
17
16
6
-19
20
-13
-7
-11
-15
-16
-17
6
5
29
-8
4
-11
23
11
24