100
13.688896478
-8.383774964
-13.992216437
1.528790194
3.985695194
3.408120694
-5.947611916
16.067623121
6.231217776
1.882271959
9.799308694
26.977828105
0.988129518
10.292064055
-19.951949700
1.215661286
10.304648061
0.560802621
3.204663487
22.086256710
13.245429254
0.920657734
0.466735742
-25.118944512
-5.628690606
-9.284604917
23.612244738
-4.533924773
-3.088310940
-20.205560135
0.382027316
-16.016619575
-8.521186153
3.544970084
-12.402783270
11.487700656
-2.521909887
1.968995899
1.118412769
20.089061124
-3.954173825
-0.453822021
7.203408219
-0.457478855
-2.459103818
1.063909722
-10.442158291
3.305195098
1.487539007
0.577092462
0.045660601
3.173498902
-1.941744131
2.537759916
-0.767578742
3.328947879
2.498114502
-13.711585462
-1.276260250
-3.682041884
-7.241565095
-12.161833273
-1.643383809
-4.174791799
-15.298202786
0.835950990
1.825940807
0.882268361
-12.574394980
2.764883799
-1.431959502
4.411338171
15.019076562
2.604590089
3.300294965
22.394419495
8.168477408
5.731325123
9.341064892
6.340054581
5.133914504
10.544575852
15.352581975
23.855933164
-1.498029567
-5.962514020
-8.981515760
-22.826156558
-30.713490873
7.788033040
19.097042473
-25.953675698
5.894520196
-27.748086631
4.348794484
27.386145447
-29.876609274
2.677470693
20.571462008
-10.997069020
